DELETE
0.024
0.056
0.089
0.116
0.145
0.167
0.195
0.228
0.246
0.273
0.299
0.317
0.335
0.352
0.367
0.383
0.399
0.418
0.433
0.451
0.468
0.483
0.501
0.519
0.534
0.564
0.599
0.623
0.639
0.656
0.671
0.684
0.698
0.71
0.724
0.736
0.749
0.761
0.773
0.786
0.799
0.812
0.824
0.838
0.85
0.862
0.874
0.887
0.899
0.912
0.924
0.937
0.956
0.97
0.983
0.999
1.024
1.044
1.06
1.1
1.12
1.142
1.164
1.181
1.199
1.215
1.235
1.254
1.271
1.289
1.31
1.328
1.346
1.364
1.382
1.401
1.418
1.436
1.456
1.474
1.493
1.512
1.531
1.55
1.583
1.608
1.64
1.658
1.672
1.688
1.709
1.732
1.749
1.773
1.796
1.814
1.832
1.855
1.874
1.888
1.905
1.92
1.935
1.959
1.975
1.991
2.005
2.018
2.031
2.046
2.064
2.081
2.097
2.114
2.12
2.136
2.152
2.17
2.189
2.218
2.234
2.247
2.266
2.29
2.323
2.373
2.401
2.423
2.449
2.478
2.494
2.509
2.528
2.545
2.562
2.577
2.592
2.607
2.619
2.632
2.643
2.656
2.668
2.68
2.692
2.705
2.718
2.736
2.757
2.778
2.796
2.821
2.841
2.865
2.891
2.921
2.961
2.996
3.028
3.062
3.096
3.122
3.153
3.183
3.21
3.238
3.26
3.282
3.302
3.321
3.351
3.373
3.392
3.411
3.434
3.467
3.498
3.525
3.556
3.591
3.617
3.647
3.678
3.712
3.734
3.774
3.796
3.823
3.848
3.874
3.895
3.92
3.963
3.993
4.028
4.064
4.096
4.141
4.179
4.214
4.259
4.3
4.329
4.358
4.388
4.415
4.47
4.518
4.561
4.594
4.633
4.673
4.709
4.745
4.78
4.815
4.853
4.884
4.91
4.938
4.971
5.0
5.036
5.081
5.116
5.15
5.196
5.231
5.267
5.311
5.354
5.402
5.436
5.468
5.502
5.529
5.554
5.582
5.608
5.633
5.657
5.701
5.748
5.793
5.834
5.868
5.923
5.964
5.997
6.046
6.085
6.124
6.175
6.211
6.248
6.282
6.317
6.369
6.407
6.474
6.515
6.552
6.598
6.639
6.67
6.711
6.746
6.775
6.816
6.858
6.91
6.957
7.005
7.051
7.082
7.116
7.159
7.195
7.223
7.261
7.302
7.329
7.333
7.362
7.408
7.454
7.495
7.541
7.574
7.624
7.694
7.728
7.758
7.789
7.825
7.863
7.906
7.944
7.978
8.017
8.052
8.085
8.12
8.149
8.176
8.21
8.251
8.279
8.31
8.379
8.402
8.431
8.455
8.48
8.504
8.525
8.546
8.567
8.59
8.612
8.633
8.654
8.677
8.712
8.744
8.783
8.823
8.86
8.892
8.924
8.95
8.974
8.997
9.026
9.069
9.1
9.124
9.148
9.206
9.247
9.288
9.326
9.365
9.404
9.445
9.485
9.522
9.557
9.597
9.641
9.678
9.715
9.756
9.802
9.842
9.897
9.927
9.962
9.989
10.018
10.049
10.075
10.106
10.142
10.175
10.224
10.269
10.32
10.356
10.389
10.434
10.473
10.516
10.554
10.589
10.61
10.646
10.687
10.724
10.754
10.783
10.811
10.836
10.852
10.867
10.884
10.912
10.928
10.944
10.957
10.971
10.985
11.0
11.015
11.022
11.034
11.047
11.058
11.071
11.083
11.095
11.107
11.119
11.132
11.144
11.158
11.172
11.185
11.198
11.21
11.233
11.245
11.259
11.272
11.286
11.302
11.317
11.334
11.351
11.373
11.391
11.41
11.43
11.45
11.469
11.488
11.507
11.526
11.546
11.57
11.592
11.611
11.628
11.648
11.665
11.683
11.7
11.715
11.727
11.74
11.752
11.765
11.778
11.792
11.805
11.818
11.83
11.843
11.855
11.868
11.886
11.925
11.967
11.995
12.047
12.075
12.098
12.13
12.159
12.187
12.232
12.273
12.313
12.348
12.379
12.418
12.458
12.481
12.5
12.533
12.58
12.623
12.665
12.716
12.755
12.787
12.832
12.876
12.907
12.926
12.945
12.971
12.99
13.008
13.026
13.052
13.072
13.09
13.109
13.129
13.165
13.197
13.224
13.276
13.326
13.363
13.394
13.424
13.459
13.49
13.527
13.568
13.599
13.622
13.643
13.682
13.747
13.792
13.835
13.897
13.946
13.982
14.021
14.062
14.111
14.14
14.167
14.194
14.226
14.265
14.297
14.338
14.378
14.416
14.449
14.488
14.517
14.559
14.614
14.66
14.687
14.713
14.734
14.753
14.781
14.799
14.818
14.838
14.857
14.885
14.933
14.985
15.01
15.037
15.087
15.127
15.173
15.219
15.251
15.284
15.321
15.362
15.407
15.446
15.474
15.51
15.554
15.587
15.627
15.656
15.683
15.705
15.734
15.768
15.803
15.833
15.868
15.908
15.981
16.019
16.058
16.096
16.131
16.166
16.193
16.222
16.248
16.283
16.316
16.356
16.389
16.425
16.459
16.489
16.53
16.568
16.607
16.647
16.687
16.738
16.777
16.811
16.842
16.879
16.901
16.926
16.965
17.002
17.032
17.06
17.09
17.117
17.143
17.169
17.205
17.243
17.278
17.305
17.344
17.378
17.418
17.454
17.494
17.524
17.56
17.593
17.616
17.645
17.703
17.74
17.783
17.819
17.856
17.888
17.916
17.954
17.988
18.018
18.052
18.078
18.104
18.145
18.188
18.228
18.267
18.304
18.341
18.38
18.414
18.453
18.483
18.507
18.539
18.576
18.612
18.648
18.699
18.737
18.778
18.822
18.863
18.902
18.949
18.99
19.038
19.077
19.118
19.156
19.185
19.215
19.246
19.282
19.321
19.352
19.382
19.416
19.451
19.494
19.524
19.563
19.595
19.648
19.684
19.722
19.77
19.8
19.843
19.871
19.901
19.926
19.955
19.994
20.032
20.064
20.101
20.144
20.19
20.243
20.28
20.315
20.361
20.406
20.451
20.491
20.525
20.559
20.6
20.629
20.667
20.708
20.752
20.799
20.84
20.878
20.922
21.001
21.036
21.079
21.122
21.161
21.196
21.227
21.259
21.303
21.337
21.382
21.41
21.436
21.47
21.504
21.529
21.572
21.62
21.656
21.689
21.733
21.781
21.815
21.844
21.863
21.872
21.889
21.905
21.932
21.946
21.961
21.976
21.989
22.004
22.019
22.033
22.048
22.061
22.075
22.087
22.1
22.113
22.129
22.141
22.154
22.167
22.182
22.194
22.207
22.22
22.234
22.247
22.26
22.274
22.289
22.305
22.319
22.336
22.364
22.4
22.416
22.435
22.455
22.47
22.499
22.512
22.529
22.557
22.579
22.593
22.608
22.62
22.633
22.645
22.658
22.671
22.684
22.697
22.71
22.724
22.737
22.755
22.767
22.784
22.799
22.812
22.824
22.836
22.848
22.861
22.874
22.887
22.899
22.912
22.925
22.938
22.951
22.965
22.977
22.992
23.009
23.025
23.043
23.059
23.081
23.101
23.119
23.139
23.159
23.176
23.195
23.218
23.239
23.261
23.282
23.304
23.322
23.342
23.362
23.381
23.398
23.414
23.432
23.45
23.466
23.483
23.497
23.53
23.549
23.565
23.582
23.599
23.616
23.633
23.652
23.673
23.69
23.703
23.726
23.747
23.768
23.789
23.809
23.826
23.842
23.859
23.872
23.885
23.9
23.915
23.931
23.944
23.957
23.97
23.988
24.01
24.053
24.093
24.117
24.141
24.159
24.172
24.185
24.198
24.217
24.233
24.247
24.262
24.288
24.308
24.327
24.347
24.368
24.385
24.404
24.424
24.443
24.459
24.479
24.498
24.517
24.537
24.557
24.58
24.602
24.625
24.654
24.678
24.709
24.768
24.81
24.849
24.891
24.967
25.003
25.04
25.083
25.119
25.151
25.192
25.23
25.274
25.304
25.329
25.373
25.409
25.441
25.471
25.502
25.533
25.555
25.589
25.629
25.654
25.693
25.724
25.749
25.768
25.787
25.807
25.83
25.85
25.88
25.912
25.962
25.999
26.024
26.05
26.07
26.085
26.101
26.114
26.128
26.14
26.159
26.185
26.202
26.219
26.235
26.251
26.265
26.278
26.293
26.313
26.335
26.367
26.389
26.411
